# Nominal state-based error rate: 0.27
# format: n source numInitialEdges numUpdates
# next numInitialEdges lines: u v (directed edge u->v in G_0)
# next numUpdates lines: u v type (real update)
# next numUpdates lines: u v type (predicted update)
500 1 1983 151
30 229
448 261
154 225
33 118
132 339
9 169
232 327
189 170
101 379
63 356
339 321
293 142
155 410
226 396
201 416
47 52
350 355
474 34
41 422
218 117
277 32
165 402
433 146
37 456
342 122
72 482
223 388
312 468
433 117
155 428
60 241
123 238
75 89
277 104
73 212
6 3
217 148
126 468
225 154
415 283
256 405
63 32
312 195
318 8
54 104
306 213
413 308
230 187
257 468
404 116
461 499
387 363
153 261
94 341
446 29
182 81
332 253
21 357
359 191
11 185
438 40
304 221
173 337
115 56
410 55
212 115
380 128
10 56
98 217
488 422
22 266
148 217
388 88
63 49
50 152
16 191
50 156
108 280
218 290
415 146
194 108
334 454
352 58
496 224
17 409
13 304
297 231
17 276
333 80
138 96
383 12
50 495
29 488
217 277
53 178
234 279
206 448
470 96
56 74
409 311
271 175
210 135
185 254
10 458
187 410
477 346
254 89
54 281
103 142
29 446
5 6
99 202
21 124
238 442
125 366
215 19
133 21
256 450
58 154
500 227
25 12
242 268
104 8
22 210
119 13
138 47
32 184
497 302
190 493
202 145
334 474
235 136
69 44
439 121
44 71
94 210
200 226
52 47
227 224
12 140
266 22
15 344
62 16
461 287
458 388
289 286
17 37
489 43
280 155
67 473
329 125
193 66
14 76
59 70
246 43
124 300
29 23
372 382
150 3
144 458
42 441
111 141
155 478
38 342
140 162
117 223
34 109
239 284
263 188
453 408
33 498
25 132
405 278
236 97
238 182
67 103
13 136
352 347
446 448
33 38
41 179
38 186
427 355
10 498
104 443
4 309
279 234
38 12
17 440
246 166
303 114
42 183
443 277
401 193
104 307
461 77
76 453
268 3
103 2
64 318
259 203
75 12
461 471
111 405
170 58
101 430
61 198
492 106
298 28
43 489
140 249
346 477
283 422
25 253
85 44
245 221
261 11
173 18
169 368
96 146
299 434
349 112
355 427
395 89
94 84
139 11
461 218
101 253
242 463
144 437
159 302
73 44
285 169
48 292
374 347
144 423
12 38
58 352
476 349
172 1
418 11
72 61
87 222
394 397
19 210
441 42
448 319
322 12
75 352
181 16
152 50
280 461
323 336
327 463
14 244
425 152
213 220
6 2
170 400
91 41
216 358
110 387
290 67
4 2
87 458
83 96
163 175
400 6
142 293
55 122
324 141
22 63
18 329
5 4
436 289
450 58
490 20
82 370
68 15
132 425
303 140
261 37
145 71
450 166
496 88
28 483
58 117
248 123
126 224
4 48
437 444
13 324
348 49
312 59
156 376
30 123
61 280
211 197
474 129
161 244
27 209
141 488
329 441
165 11
30 305
330 287
492 55
221 446
23 9
184 195
320 13
67 262
106 184
478 36
26 392
273 262
209 433
382 372
239 496
393 101
21 44
276 340
133 325
311 409
6 10
296 162
389 201
486 366
261 153
175 169
61 242
277 232
124 101
187 182
195 483
482 401
22 191
2 3
67 290
213 294
202 62
114 9
341 94
443 117
131 71
121 213
343 9
395 12
351 250
417 150
193 475
262 334
31 13
265 474
180 408
210 194
426 326
332 235
123 23
213 158
14 301
46 359
359 77
173 28
211 248
399 331
170 104
339 463
57 296
65 201
325 133
184 148
277 467
445 374
73 486
414 140
57 29
6 75
145 202
393 200
18 173
198 115
176 365
184 492
242 276
70 230
439 360
83 101
8 264
160 63
16 296
180 70
492 184
115 435
384 226
337 258
473 67
150 34
390 261
5 115
27 228
431 32
210 476
414 221
53 201
139 22
287 80
94 71
100 301
23 152
33 56
338 298
463 146
319 92
139 54
393 1
287 114
174 258
133 191
138 41
163 54
278 378
423 122
129 26
41 91
36 367
58 288
426 236
466 163
193 117
414 305
42 118
151 195
159 81
326 34
361 237
71 479
18 372
352 403
96 138
117 218
450 181
164 424
370 153
425 53
94 40
59 220
179 283
2 61
64 215
480 46
9 200
280 231
312 88
320 72
392 447
489 425
463 216
72 441
405 101
94 39
367 292
384 222
387 187
303 15
468 385
424 81
134 194
236 492
43 159
89 260
358 216
1 343
483 28
47 323
309 235
375 467
253 299
136 481
215 10
7 9
79 477
53 39
385 477
127 74
63 22
192 83
130 111
28 470
97 48
202 343
79 496
425 297
47 112
102 402
58 295
77 80
121 8
24 253
88 58
38 314
452 244
159 71
345 225
142 172
96 470
397 104
454 319
299 309
96 83
10 494
150 279
102 259
295 99
360 210
288 201
199 261
474 148
367 36
291 323
297 206
13 167
133 237
38 307
59 194
8 119
471 220
97 463
266 447
34 150
168 143
240 117
124 290
66 447
171 91
70 180
127 156
43 149
184 348
13 320
175 101
21 354
459 32
173 373
373 200
23 52
62 429
296 21
114 485
148 375
498 33
81 411
244 452
471 17
149 39
373 173
65 214
53 105
155 309
285 454
111 342
180 39
14 81
428 177
425 59
47 409
185 495
55 105
422 168
106 282
182 292
335 97
1 454
16 298
221 466
193 231
63 173
93 181
37 234
161 483
44 21
299 28
74 264
490 50
203 329
486 73
90 240
409 51
421 81
5 61
196 317
449 260
105 124
143 133
227 500
229 198
338 284
472 12
436 192
94 409
403 213
478 231
197 211
344 15
400 14
409 90
181 475
83 192
286 289
25 266
207 60
293 95
490 132
385 116
408 257
491 494
131 106
61 2
418 75
288 65
182 238
278 173
258 299
285 443
189 134
324 287
146 478
175 271
64 51
51 57
182 187
344 349
446 64
39 272
183 71
117 433
262 260
421 489
487 284
38 123
282 369
190 291
171 361
448 446
101 124
441 109
277 17
206 297
225 96
218 338
408 100
223 83
105 223
365 76
418 72
254 185
382 340
116 404
463 326
377 153
409 94
411 153
28 194
255 339
200 52
242 375
260 287
382 29
72 9
289 167
431 126
365 24
118 43
58 413
11 205
477 230
273 19
170 378
327 225
101 175
248 212
259 451
266 264
323 360
79 331
452 336
153 478
259 395
234 37
8 66
98 72
82 200
118 25
413 161
173 432
56 115
97 233
250 40
251 242
145 27
424 150
92 461
12 75
291 300
230 186
269 427
165 370
315 290
278 364
194 40
85 105
75 418
96 23
210 285
419 34
152 257
290 191
158 410
96 451
379 101
177 171
462 385
97 251
83 80
238 108
410 187
128 325
347 394
33 398
66 101
83 223
293 111
325 366
351 225
189 245
170 154
137 71
493 66
97 79
76 463
21 296
296 64
179 41
254 350
350 381
297 425
445 179
38 188
234 57
33 439
209 84
66 297
130 198
326 143
404 173
129 335
179 461
425 489
58 147
148 184
330 16
277 170
457 319
496 79
393 447
81 182
94 491
165 437
278 405
129 455
2 103
301 14
44 132
334 262
58 380
226 386
169 9
45 168
248 211
364 16
131 261
366 104
180 10
86 117
119 8
215 64
213 39
92 125
250 461
331 174
105 365
480 433
158 225
204 200
493 368
312 61
238 330
71 281
224 182
356 82
443 412
404 479
213 438
240 90
342 364
267 487
285 15
213 121
27 44
300 465
116 432
95 294
344 113
39 167
463 435
190 250
331 79
168 45
70 366
220 243
264 52
305 242
99 96
64 296
460 389
349 476
301 268
115 377
267 100
111 473
267 33
3 305
81 142
3 2
195 156
320 21
224 234
51 474
475 233
41 333
469 126
26 121
278 84
285 450
5 2
438 405
1 137
347 50
78 65
416 201
186 8
2 12
185 215
347 17
285 166
3 496
201 33
298 16
31 6
17 57
105 159
66 474
115 212
396 226
442 106
32 182
316 374
423 272
58 366
388 380
409 451
120 142
385 229
483 195
39 450
69 225
260 432
117 25
61 16
186 349
176 132
222 87
146 32
40 125
40 94
18 48
238 143
279 63
133 497
80 83
80 1
15 272
337 173
244 56
232 277
159 105
79 186
228 87
193 294
467 72
380 293
39 285
481 225
409 17
344 292
14 28
117 443
419 367
277 174
66 209
261 448
129 111
347 32
359 58
495 226
35 409
179 253
119 325
34 67
62 2
202 415
259 107
23 18
232 196
286 283
497 368
385 468
467 456
70 175
16 443
416 248
476 210
143 27
448 428
108 238
21 340
459 27
105 126
143 168
71 44
136 329
104 277
407 324
53 425
174 41
226 384
271 66
441 364
43 39
269 245
286 472
132 181
331 365
6 206
257 146
237 463
135 164
465 196
160 235
34 133
422 69
363 142
242 305
27 251
99 135
409 369
119 203
22 250
278 224
278 397
16 181
495 185
342 95
63 279
31 378
431 294
198 53
481 87
292 347
166 450
358 348
79 314
44 320
4 5
55 9
203 490
56 70
310 82
371 89
26 129
225 33
142 453
254 366
42 90
118 33
71 302
252 16
171 177
49 106
91 80
164 366
472 286
173 63
131 125
33 313
207 487
169 285
49 75
366 484
354 15
275 86
471 45
446 218
182 240
39 37
388 458
493 89
30 248
25 305
163 226
91 245
20 366
325 119
422 283
223 117
491 94
20 441
237 138
360 323
21 15
92 319
146 415
71 272
450 39
470 82
36 464
142 46
50 107
34 89
98 273
47 351
64 238
261 390
80 287
87 481
394 150
76 95
399 28
406 246
285 39
66 456
457 428
176 129
413 484
287 324
446 429
341 110
414 211
147 58
66 193
202 99
22 50
240 182
28 298
344 128
379 160
420 13
200 73
387 82
241 384
315 11
346 174
303 145
109 441
455 129
82 470
12 119
256 110
3 4
24 365
229 21
183 218
162 137
295 58
140 72
395 360
50 223
78 211
397 228
66 432
242 251
488 76
99 295
283 494
101 9
82 365
68 233
49 170
28 35
9 114
466 221
171 119
351 333
211 294
20 261
98 213
138 486
39 28
321 213
222 52
79 414
195 312
52 38
1 5
307 281
455 415
383 491
191 133
469 480
247 15
231 297
134 138
440 183
112 435
146 68
180 45
39 94
6 5
122 55
349 193
138 389
321 480
359 321
327 232
34 225
45 111
27 387
156 195
468 312
1 127
303 88
229 385
187 9
96 201
61 251
141 150
281 71
106 279
96 99
162 296
89 493
133 34
188 271
259 366
208 106
488 110
120 129
359 113
261 100
458 144
85 71
96 300
256 23
288 273
42 36
328 12
258 174
178 261
458 87
415 32
310 66
309 125
63 160
14 400
36 303
169 306
116 59
79 127
125 89
121 26
360 439
493 11
52 311
140 303
456 313
244 77
250 387
444 59
89 254
401 389
243 220
73 322
289 419
8 354
39 316
72 476
42 60
402 165
66 310
136 13
381 251
249 306
258 7
189 98
488 498
20 80
368 278
371 222
159 218
220 170
454 443
445 186
308 212
110 256
28 299
233 475
69 461
252 313
220 344
321 359
95 36
85 299
74 127
290 298
166 142
290 315
397 394
337 463
50 211
221 40
146 54
48 308
472 202
72 140
285 188
42 243
410 144
427 304
264 162
4 97
236 251
407 137
301 177
309 238
393 170
43 120
12 322
369 134
67 10
348 358
94 275
25 34
223 375
315 310
272 15
97 4
423 354
23 96
65 264
432 66
369 74
369 282
115 198
263 37
463 337
101 83
215 192
415 168
403 323
51 108
350 254
447 266
494 409
456 66
409 286
84 170
84 134
425 161
70 160
147 126
391 420
282 210
66 217
295 425
235 332
39 328
82 346
2 337
168 77
57 17
341 3
449 103
332 273
40 345
82 409
435 463
478 332
281 386
84 278
32 459
134 456
381 350
389 460
4 92
377 176
86 241
7 91
175 48
438 43
481 365
137 407
405 438
494 55
388 293
128 318
452 201
387 250
461 181
427 269
53 198
15 354
390 56
396 475
62 108
125 296
432 260
174 277
337 431
209 27
167 263
205 8
365 464
200 82
174 138
323 47
127 93
308 48
49 138
43 118
67 112
178 72
489 307
2 1
282 195
138 51
59 6
425 132
53 108
119 462
398 66
352 52
177 430
82 294
306 249
216 461
287 328
8 318
48 18
51 409
119 365
282 379
13 31
123 248
281 307
420 391
232 406
210 27
463 242
324 57
193 401
20 340
148 427
152 23
447 230
58 387
348 64
241 110
227 7
453 142
474 51
406 11
86 357
101 426
405 462
331 208
64 192
71 183
52 352
184 106
103 221
348 417
392 79
176 81
142 103
138 470
2 197
180 55
234 224
359 46
60 207
471 20
8 186
321 81
173 278
64 276
40 194
478 402
63 84
101 405
71 51
258 484
193 186
202 436
51 138
207 164
3 353
398 441
173 219
431 413
130 21
201 25
498 126
171 17
125 131
170 49
149 43
255 150
356 37
174 346
3 150
65 252
218 159
133 135
1 2
213 218
162 491
335 117
23 227
139 60
116 31
199 25
118 372
219 110
5 1
58 91
387 199
201 389
107 295
237 383
109 33
39 318
88 496
125 213
470 138
466 28
101 130
421 65
384 241
374 391
391 120
68 481
383 40
18 437
122 409
70 59
478 155
195 282
487 154
199 123
110 187
287 395
135 210
421 301
453 494
277 236
132 176
51 307
120 391
487 207
143 416
363 463
368 169
279 304
88 357
54 11
448 323
333 351
112 461
250 190
457 76
104 397
434 100
135 47
240 329
325 233
45 78
113 27
495 111
34 25
1 6
19 215
418 332
189 185
142 166
18 136
123 276
324 193
166 285
409 47
3 5
477 498
87 228
18 23
286 409
114 47
300 291
39 222
44 87
7 6
206 295
178 11
218 213
101 66
270 347
132 25
10 67
142 284
244 104
482 298
79 340
98 157
402 81
295 107
354 393
126 105
438 213
11 139
451 96
299 137
33 225
314 69
333 135
22 405
236 161
247 372
444 230
128 344
152 425
129 176
62 202
309 155
79 153
486 246
8 384
366 379
160 469
136 81
107 90
47 420
89 34
221 414
157 98
422 488
300 96
92 58
75 49
207 79
80 409
106 208
436 202
439 33
347 374
414 477
467 277
189 140
65 178
231 280
274 375
167 13
57 485
66 220
217 21
93 183
134 84
403 409
485 455
354 423
442 360
325 286
95 265
126 147
144 366
291 190
407 356
40 250
274 115
58 385
294 213
109 138
202 440
300 374
389 401
188 357
261 13
71 85
142 71
214 327
52 200
204 362
422 211
224 278
395 138
407 110
421 476
100 196
273 55
232 466
166 246
380 388
374 383
61 72
19 206
357 172
105 164
485 114
138 109
432 165
39 149
202 437
32 412
500 333
118 32
283 415
59 421
367 192
382 358
233 325
182 57
347 292
16 211
81 49
237 133
413 93
431 337
48 348
5 3
350 220
405 363
117 193
468 126
325 12
129 344
224 23
207 452
158 366
314 79
474 314
483 161
130 232
264 74
454 1
83 489
77 7
387 110
347 270
226 392
79 97
317 138
227 91
259 102
107 50
36 222
266 64
72 87
64 185
357 188
47 135
358 440
137 280
469 121
200 9
408 111
94 212
466 232
210 360
36 179
162 65
76 131
221 245
220 482
65 182
95 477
26 113
45 294
388 284
396 253
270 225
409 122
315 181
6 420
17 471
319 448
97 335
306 169
248 416
419 289
25 486
404 84
153 79
455 20
35 28
34 26
214 149
18 449
336 358
458 310
119 356
16 62
447 393
9 25
477 95
498 477
420 47
453 280
19 273
60 230
352 75
10 6
32 431
371 306
67 196
90 473
79 191
40 438
496 3
138 174
340 20
436 27
133 128
373 242
115 274
269 20
170 189
409 35
282 106
202 472
58 170
50 347
307 104
23 40
150 424
174 327
464 36
226 325
230 444
466 258
244 231
44 147
143 499
57 51
79 84
43 438
133 289
112 349
363 405
77 461
54 163
450 256
224 496
302 283
1 235
186 38
122 342
6 59
420 460
175 70
113 344
445 327
213 206
160 379
213 338
104 460
192 407
291 52
191 79
240 333
497 133
107 358
218 354
389 14
111 130
34 245
158 222
156 50
257 291
479 96
124 21
235 1
278 145
27 143
289 133
366 70
211 208
375 391
389 138
268 242
92 4
91 48
400 489
262 66
241 60
16 61
146 96
401 278
345 40
488 91
268 358
339 132
302 497
187 25
143 326
211 422
100 434
2 5
324 312
48 88
342 38
172 142
101 393
196 399
412 32
46 480
347 280
111 408
72 101
17 347
463 363
156 461
212 94
95 342
157 54
112 339
39 53
182 224
162 335
422 41
424 372
328 287
441 20
366 20
409 205
477 48
304 427
439 59
236 277
433 209
151 325
323 448
293 54
89 371
66 493
220 213
261 337
461 156
415 202
177 474
179 27
180 115
246 486
1 219
374 316
350 258
46 142
46 64
243 42
150 417
278 368
184 32
55 180
104 170
274 294
280 108
432 439
10 311
36 371
17 171
169 60
13 261
477 64
28 204
465 300
44 496
47 138
123 30
281 54
84 111
250 155
386 400
49 44
356 119
89 148
83 205
25 187
66 8
11 202
162 382
387 27
317 196
32 277
144 201
326 382
230 350
21 133
198 353
115 28
409 12
417 39
246 31
470 28
442 19
110 434
467 375
50 14
79 207
440 17
88 148
346 326
411 167
154 364
110 488
26 219
156 204
97 236
152 147
110 341
192 31
192 436
13 334
227 494
476 72
151 140
107 314
425 295
251 61
309 112
101 72
478 146
309 25
109 34
31 246
446 171
397 278
90 42
429 62
324 407
278 310
294 94
157 360
469 146
160 203
91 488
386 226
184 430
305 30
112 309
437 165
447 243
108 194
86 413
394 202
482 72
12 325
494 283
36 95
213 403
177 301
294 95
245 34
29 57
134 38
95 117
452 207
136 322
86 117 1
405 278 1
478 155 1
277 174 1
295 99 1
91 41 1
39 167 1
198 53 1
458 388 1
343 9 1
488 110 1
119 325 1
33 56 1
175 70 1
287 80 1
218 290 1
289 133 1
352 75 1
200 226 1
405 438 1
71 479 1
312 88 1
84 170 1
211 422 1
241 60 1
147 58 1
423 354 1
144 437 1
240 117 1
177 474 1
68 481 1
170 400 1
63 32 1
419 289 1
107 295 1
440 183 1
211 208 1
339 463 1
446 218 1
301 14 1
47 420 1
23 52 1
278 364 1
53 108 1
55 122 1
185 215 1
33 313 1
238 182 1
86 357 1
260 432 1
286 283 1
414 221 1
129 111 1
67 112 1
29 488 1
363 405 1
56 74 1
173 337 1
255 339 1
366 484 1
4 309 1
135 210 1
271 175 1
42 60 1
75 89 1
341 110 1
238 442 1
272 15 1
413 161 1
397 278 1
89 254 1
53 178 1
99 135 1
314 69 1
17 171 1
21 44 1
300 291 1
83 192 1
481 87 1
182 292 1
28 299 1
23 18 1
101 393 1
471 17 1
169 368 1
170 378 1
187 410 1
114 485 1
413 308 1
168 143 1
442 106 1
16 61 1
445 327 1
53 39 1
133 21 1
103 142 1
125 296 1
252 313 1
341 94 1
180 39 1
33 225 1
20 269 0
250 89 0
237 133 1
158 213 0
130 111 1
482 220 0
39 180 0
51 71 0
144 27 0
365 105 0
413 431 0
119 12 0
282 106 1
248 79 0
105 53 0
89 8 0
12 103 0
58 482 0
184 32 1
63 356 1
123 276 1
79 207 1
357 88 0
242 463 1
366 465 0
163 226 1
338 218 0
415 202 1
258 299 1
8 205 0
353 198 0
260 89 0
258 484 1
481 87 0
267 224 0
292 182 0
368 278 1
117 240 0
87 222 1
143 21 0
435 463 1
438 213 1
400 489 1
39 149 1
131 125 1
7 160 0
16 211 1
136 13 1
127 117 0
23 152 1
86 117 1
478 155 1
405 278 1
295 99 1
277 174 1
91 41 1
39 167 1
198 53 1
458 388 1
343 9 1
119 325 1
488 110 1
175 70 1
33 56 1
287 80 1
218 290 1
289 133 1
352 75 1
200 226 1
405 438 1
71 479 1
312 88 1
84 170 1
211 422 1
241 60 1
147 58 1
423 354 1
144 437 1
68 481 1
240 117 1
177 474 1
63 32 1
170 400 1
440 183 1
419 289 1
107 295 1
211 208 1
339 463 1
446 218 1
301 14 1
47 420 1
23 52 1
278 364 1
55 122 1
53 108 1
33 313 1
185 215 1
86 357 1
238 182 1
260 432 1
286 283 1
414 221 1
129 111 1
29 488 1
67 112 1
363 405 1
56 74 1
173 337 1
255 339 1
366 484 1
135 210 1
4 309 1
271 175 1
42 60 1
75 89 1
341 110 1
272 15 1
238 442 1
397 278 1
413 161 1
89 254 1
99 135 1
53 178 1
314 69 1
17 171 1
300 291 1
21 44 1
83 192 1
481 87 1
182 292 1
28 299 1
23 18 1
471 17 1
170 378 1
101 393 1
169 368 1
187 410 1
114 485 1
168 143 1
413 308 1
442 106 1
16 61 1
53 39 1
445 327 1
133 21 1
103 142 1
125 296 1
341 94 1
252 313 1
180 39 1
20 269 0
33 225 1
250 89 0
158 213 0
130 111 1
237 133 1
39 180 0
482 220 0
51 71 0
144 27 0
365 105 0
413 431 0
119 12 0
282 106 1
105 53 0
248 79 0
58 482 0
89 8 0
12 103 0
184 32 1
123 276 1
63 356 1
357 88 0
79 207 1
242 463 1
366 465 0
338 218 0
163 226 1
415 202 1
8 205 0
258 299 1
353 198 0
258 484 1
260 89 0
481 87 0
267 224 0
117 240 0
292 182 0
368 278 1
143 21 0
87 222 1
438 213 1
435 463 1
400 489 1
131 125 1
39 149 1
7 160 0
16 211 1
136 13 1
127 117 0
23 152 1
